theBrain = ["59,21,23",
"-0.6043362699223744,-0.7964663498445451,0.0204701348705156",
"-0.7112829257150801,0.5277694855924432,-0.4642585159840184",
"-0.3589627730594165,0.2951283172499615,0.8854631578528267",
"0.6170572516472692,0.5753284069364411,0.536877613950792",
"59,21.5,23",
"-0.846961638413236,-0.2477933539481941,0.470376909292401",
"-0.4937268553790402,0.6947661641097062,-0.52300455971799",
"0.1972049069721413,0.6752025110641912,0.7107825220971037",
"0.6060765386179865,0.5825868876417272,0.5415383159895204",
"59.5,21,23",
"-0.5438442352552612,-0.7594022046268146,0.3571298634776349",
"-0.8126416558819917,0.3703833538106106,-0.4499218936052998",
"-0.2093967213329638,0.5349060317737482,0.81855271685278",
"0.6287715940145734,0.5695747802816672,0.5293683521211512",
"60,21,23",
"-0.5311390025638876,0.6506238971266135,-0.5427521574744925",
"-0.8422327926033144,-0.3355783768334741,0.4219372892568677",
"-0.09238659545118617,-0.6812310162416188,-0.7262155461647392",
"0.6443968163324622,0.5676805536230268,0.5123392744450117",
"60,21.5,23",
"0.7759262282753313,0.2564596522268856,0.5763392534385317",
"0.3829335250387283,-0.9175275202783134,-0.107262131870214",
"-0.5012987170099608,-0.3039271233562321,0.8101406668058164",
"0.6619724710835572,0.5522212064530905,0.5067979742175597",
"60.5,21,23",
"-0.452147292129644,-0.6187547698329954,-0.6424214823842266",
"-0.8790705107885057,0.1872097096573374,0.43839201825769",
"-0.1509896131588719,0.7629515446074754,-0.628575434851858",
"0.635111071192782,0.5824802276337809,0.5072974587597061",
"61,21,23",
"-0.2861089132533177,-0.6496887453731914,-0.7043054904602218",
"-0.901742130593778,-0.06601021467131879,0.42720461312027",
"-0.3240413857352154,0.7573289811531413,-0.5669656026923908",
"0.6280459797779133,0.5963344229424954,0.4999435001064038",
"61,21.5,23",
"-0.7541656420594891,0.3308348650477242,0.5672587385010944",
"-0.3386103163013789,0.5442159470670188,-0.7675754403654591",
"0.5626519688326693,0.770958685680888,0.2984048708414772",
"0.6862040098544766,0.5365145956367015,0.4911986823357977",
"61.5,21,23",
"-0.2714015226144286,0.7109548071552672,-0.6487560987808803",
"-0.9449007037083581,-0.06862897504924539,0.320082370515996",
"-0.1830406338877219,-0.6998809369932199,-0.6904077059096848",
"0.6396128496326825,0.5638365097975915,0.5224785094183587",
"62,21,23",
"0.1783816140913081,0.9734902862488865,-0.1431665545203902",
"0.9793895980001889,-0.1896729711047125,-0.06942751155945848",
"0.09474183386027241,0.127831242704478,0.9872604308415389",
"0.6527731855817673,0.5486063757675116,0.5224157469417123",
"62,21.5,23",
"-0.6263309561334515,0.2136768084084317,0.7497011104015674",
"-0.5422192546607108,0.5715531189292072,-0.615893913038178",
"0.5600962535708836,0.7922558007302201,0.2421217316664875",
"0.6267351441530319,0.5777992284529421,0.5228299060714328",
"62.5,21,23",
"0.2306449161691832,0.8659422508084562,-0.4437870445496303",
"0.969239666546406,-0.2447174610590846,0.02622657136965338",
"0.08589174255027413,0.4361850324318575,0.8957484167131399",
"0.6513006339270406,0.5655729712076576,0.5058998897860891",
"63,21,23",
"0.2965069617374255,0.8085633661818085,-0.5082409905841759",
"0.9498508652513161,-0.3050230771620908,0.06887856110500118",
"0.09933254966307537,0.5031761175446547,0.8584560788474391",
"0.6493265691426283,0.5852132549848622,0.4856958439141579",
"63,21.5,23",
"0.4483183808139948,-0.7178850168932254,-0.5325896468619453",
"-0.74860172691473,-0.6271337631682319,0.2151713214039845",
"0.4884732171620083,-0.3022322709683162,0.8185655566298473",
"0.6223915165391705,0.5741591600916703,0.5319493011771888",
"63.5,21,23",
"0.4556767211389398,0.7591357136641815,-0.4648351256646153",
"0.8525150827091541,-0.5224113754791079,-0.01744673389005278",
"0.2560795961521899,0.3883288851084868,0.8852253483858961",
"0.6445780719287052,0.5714506646171129,0.5079008240762488",
"64,21,23",
"-0.5267668538316577,-0.8206001622062188,-0.2216575184635629",
"-0.7681834718139097,0.5712203117514546,-0.2891392555058893",
"-0.3638829967671282,-0.01796466614493049,0.9312714080406825",
"0.6449060275946141,0.556456267623315,0.523882274747738",
"64,21.5,23",
"0.2847908947575767,0.8781154457346093,-0.3844572931100255",
"0.9264700798199614,-0.355091991426324,-0.1247512277425844",
"0.2460636857839321,0.3206601652640946,0.9146746530604364",
"0.6228248697202664,0.5737610618663631,0.5318716250599544",
"45,22,23",
"0.6057545663099472,0.6621986209532542,0.4410832028112789",
"0.3371078298305895,0.288547191132522,-0.8961578150953334",
"0.7207077885395428,-0.6915442899027795,0.04844356140192636",
"0.652414600873887,0.5688913351864443,0.5007173227644033",
"45,22.5,23",
"0.380921518006941,0.7855769505171144,0.4876142450088172",
"0.103136799844377,0.4879818206371791,-0.8667390283386833",
"0.918837089824496,-0.3804505191793737,-0.1048608831690654",
"0.6460511156915874,0.5575565239599635,0.5212951932478737",
"45.5,22,23",
"0.5468940347976745,0.5914306805905958,0.5925509807255953",
"0.2086835334113569,0.5891332673665007,-0.7806235816096141",
"0.8107762315125368,-0.5505740125888757,-0.1987716254300738",
"0.6676620733145806,0.5610297942480464,0.4893597100531164",
"46,22,23",
"0.501094935220716,-0.5398779624911563,-0.6763398934800049",
"0.08697183632859665,-0.7461672231327278,0.6600533120953389",
"0.8610108974814303,0.3895718941848761,0.3269464385483185",
"0.6868476824396587,0.5569335899771329,0.4669745576393349",
"46,22.5,23",
"0.3649654721395101,0.7214375309946457,-0.588496468144316",
"-0.06947847962514435,0.6514401917346394,0.7555120233733639",
"0.9284249808223402,-0.2348479624461022,0.2878775599451117",
"0.6695404471402036,0.5537232783113761,0.495081933319525",
"57,22,23",
"0.3549850259271404,0.7951171253462877,0.4917055911300612",
"0.6410884973203798,-0.5898537413600096,0.4909970492855286",
"0.6804345449571209,0.1409301982708272,-0.7191296887518556",
"0.6354136958552417,0.5554832584385756,0.536365346302355",
"57,22.5,23",
"0.5214593472067836,0.844833213011942,0.1197371763596999",
"0.660329524668036,-0.4884256868344679,0.5704430447397564",
"0.5404119429309097,-0.2183968649779499,-0.8125624537876719",
"0.6135282893797652,0.5624618323841149,0.5542740524702945",
"57.5,22,23",
"0.421662144003001,0.8452941839483936,0.3281444482203105",
"0.6154012630837488,-0.5325615222674612,0.5810847704036749",
"0.6659446836710384,-0.04308094222720623,-0.7447561417719872",
"0.6230896236049764,0.5648456140876641,0.5410256493011568",
"58,22,23",
"-0.5584766381415696,-0.7987904839186355,-0.2236908747605098",
"-0.5474558707710859,0.5575184333511889,-0.6240715231701475",
"-0.6232141800443586,0.2260684835943919,0.7486635602972606",
"0.6120405615740828,0.5737692587628315,0.5442381727578766",
"58,22.5,23",
"-0.9380235713236028,0.2867084871952254,-0.194704964013606",
"-0.3378557228823642,-0.6312835739956255,0.6980935178892189",
"-0.07723529087761204,-0.720610361133904,-0.689024975795156",
"0.6151241364628631,0.5620372994530312,0.5529343277138442",
"58.5,22,23",
"0.8930709218801985,0.003792415495670598,0.4498999289583868",
"0.3351424290093799,0.6615447753721075,-0.6708487627293959",
"-0.3001730846857295,0.7498960779751928,0.5895354030655646",
"0.5968844423174573,0.5852966405592375,0.5487775551801011",
"59,22,23",
"-0.7608992427108662,0.07898642092294184,-0.6440446318011005",
"-0.2570522078289514,0.8746628499267213,0.4109611434288257",
"0.5957822629889988,0.4782531173634418,-0.645226666249821",
"0.6309767339533027,0.5658606402472481,0.530726009376399",
"59,22.5,23",
"-0.7373721194105103,0.5364176666053988,0.4105343401832197",
"-0.3720301676665692,-0.8297797362398652,0.4160037784343845",
"0.5638048526414409,0.1540184283756947,0.8114199972015999",
"0.6819346763141498,0.5422428393012714,0.4908541539671547",
"59.5,22,23",
"-0.7626322063624074,0.3591022519648993,0.5379941360763559",
"-0.258268971229456,-0.9316119189276765,0.2557271417193931",
"0.5930339419619126,0.05607856226429234,0.8032222223864857",
"0.6771419710612291,0.535188372395359,0.5050268874823598",
"60,22,23",
"-0.7633439524332538,0.4886549309194507,0.4225190750388503",
"-0.2582871988593282,-0.8303780565710739,0.4937205748909481",
"0.5921095618118157,0.2677473466784556,0.7600773810327909",
"0.7201255697198942,0.5199171045925594,0.4594620421620133",
"60,22.5,23",
"-0.7394712942552639,-0.4714089017543756,0.4805786640282503",
"-0.3380921530704771,0.877386981797345,0.3404200055882651",
"0.5821304845175294,-0.08925094688169402,0.8081821375631285",
"0.7225024932132781,0.5411431326756413,0.430295546408036",
"60.5,22,23",
"-0.7631762149766727,0.6457575379958519,-0.02364882693530142",
"-0.2885445670569141,-0.3733002367269287,-0.8816966406205465",
"0.5781903645995996,0.666066164416986,-0.471223690939905",
"0.7416803375927958,0.4943726221209595,0.4533276820639608",
"61,22,23",
"-0.767350791559721,0.6035526747597749,0.2165569936136701",
"-0.3069060704655771,-0.04916537642150681,-0.9504690577145107",
"0.5630110359522698,0.7958058397320622,-0.2229610702438859",
"0.7600982604330505,0.4990693941444823,0.4161494615098161",
"61,22.5,23",
"-0.8402183983945074,0.4840648316356798,0.2443650584123881",
"-0.3197561757454094,-0.07834061008957739,-0.9442556522909799",
"0.4379372455866703,0.8715182084066366,-0.2206059413153838",
"0.7082471415393753,0.5198440002390495,0.4776486176225857",
"61.5,22,23",
"-0.6852280332237194,0.6346960605866144,0.3572442486033699",
"-0.3089497770084554,0.1908831282131616,-0.9317261757887795",
"0.6595548330281411,0.7488154258823672,-0.06529073586528385",
"0.7248420211576284,0.5291803845629074,0.4411033495202432",
"62,22,23",
"-0.5247463200246423,0.6806103369798982,0.5112835503091269",
"-0.2609808336627993,0.4430698857726795,-0.8576584872675456",
"0.810265576265749,0.5834883422292979,0.05487303892841967",
"0.6971511927700197,0.5541251016258443,0.4548907409120199",
"62,22.5,23",
"-0.6440217924893263,0.5186284994603589,0.5623703498108092",
"-0.3685851619805554,0.4338070874823977,-0.8221656701771286",
"0.6703587913696688,0.7367739751087412,0.08822244859365896",
"0.6485520079374127,0.5992542872147025,0.4693342010285942",
"62.5,22,23",
"-0.349706395000124,0.9324783995733621,0.09049569948411193",
"-0.2900256683897407,-0.01590352995156223,-0.95688671712495",
"0.8908369934904488,0.3608754799985464,-0.2760042372223971",
"0.6496235460286003,0.56178955609946,0.512232118382671",
"63,22,23",
"0.4317228927640513,-0.7841053272748135,0.4458634091318747",
"-0.5651883449438556,0.1500789768678086,0.8111956825833937",
"0.7029775804412721,0.6022085489608812,0.3783746621476726",
"0.6454007685687492,0.5708034765975486,0.5075837261329601",
"63,22.5,23",
"-0.007809595684771742,0.8535397806414653,-0.5209691479135399",
"-0.08706997751481732,0.518425890035002,0.8506782091701802",
"0.9961715862394437,0.05200422486621018,0.07026899291476318",
"0.6412947199309909,0.5850477675662863,0.4964475721104258",
"63.5,22,23",
"0.4790760075073211,-0.6269065881026366,0.6143893788342674",
"-0.7353041851119042,0.09564524504551268,0.670954351992073",
"0.4793891262719295,0.773201213717164,0.4151456957726297",
"0.6229658469598558,0.558001240262165,0.5482227370216191",
"64,22,23",
"0.1914079723495286,-0.8707499280980535,-0.4529432092859733",
"-0.9802128368498263,-0.1933063371916578,-0.04260815035132873",
"0.05045574888809545,-0.45213628777038,0.8905206312519443",
"0.6261983518097593,0.5668540789666107,0.5353055924886798",
"64,22.5,23",
"0.4756159337749046,0.2300804113305608,-0.8490303221095144",
"0.06511015970929185,0.9533321929872484,0.2948192614412338",
"0.877240075829904,-0.195501238195782,0.4384394088375951",
"0.6004965193008885,0.5735830935619919,0.5571412433910927",
"64.5,22,23",
"0.1515424334210711,0.9677389408247865,-0.2012864458530192",
"0.9697644060860855,-0.1849713415277869,-0.1591935912714842",
"0.1912900613239534,0.171075846409512,0.9665097864036075",
"0.6306722509971195,0.5594894733200622,0.5377955383473028",
"65,22,23",
"-0.3055974572078418,-0.8751665746475273,0.3750915365185072",
"-0.9072005134796531,0.1480002581801977,-0.3938059825864095",
"-0.2891321886099059,0.4606293414431045,0.8391800684664392",
"0.6486829957809219,0.5517089880484984,0.5242399865435583",
"65,22.5,23",
"0.2495324810557517,0.9426955912291204,-0.2214916774403498",
"0.8752104373509458,-0.1216645556334776,0.4681927234104288",
"0.4144155296922727,-0.310681119767017,-0.8554162791122143",
"0.6513992714316279,0.5471804378122964,0.5256163597662157",
"65.5,22,23",
"-0.3071490038714155,-0.9208884733387203,0.2400498054418663",
"-0.8845375897887751,0.1831993879749792,-0.4289886204740832",
"-0.3510736983475997,0.3440965037856003,0.8708299801976642",
"0.6536875476278573,0.5479296164479673,0.5219824953918101",
"66,22,23",
"-0.3115701855503977,-0.9452886603367591,0.09671281256806619",
"-0.8609622308665695,0.2377692656809055,-0.4496774547593231",
"-0.4020796643668398,0.2233721668791756,0.8879396480427886",
"0.6595650212850004,0.5448818934953643,0.5177622087775656",
"66,22.5,23",
"0.2510413729004132,0.9151574591666376,-0.3153808079511814",
"0.8847884034618101,-0.08480210315514079,0.458211833544231",
"0.3925910215373971,-0.3940754093217809,-0.8310095436131247",
"0.6761729234326891,0.5306226462421255,0.5111064320779921",
"66.5,22,23",
"-0.3217929852436514,-0.9442024811851161,-0.07022071754012292",
"-0.8896863669360169,0.3269168496723324,-0.3187217311205934",
"-0.3238941850916275,0.04008800224740791,0.9452436241200691",
"0.6879909092080678,0.5375484745329174,0.4875552751990176",
"67,22,23",
"0.3225224368771376,0.9390688329170436,-0.1188654901754672",
"0.9035172260057778,-0.3428568132061759,-0.2571105364409045",
"0.2821983345479859,0.02447310119144658,0.9590438818408759",
"0.7162864255386443,0.5294043214155842,0.4546040266601",
"67,22.5,23",
"-0.2447844127846666,-0.9686897557540041,-0.04148190394514503",
"-0.9422613611250635,0.2477541315235835,-0.2253029463716321",
"-0.2285259691772678,0.01606385415282371,0.9734052773646481",
"0.6880423446489489,0.5451480766029366,0.4789690037425133",
"67.5,22,23",
"-0.3515297086690348,-0.9334498987066802,-0.0714013342140918",
"-0.9100498230961075,0.3586166019719265,-0.2078544016201072",
"-0.2196273739901461,0.008088225676732556,0.9755503048021638",
"0.723963932598493,0.5360847638815961,0.4341536021162764",
"68,22,23",
"-0.379425048180463,-0.924225859160004,-0.0429324361433828",
"-0.9095873539662339,0.3811059639655395,-0.1655569078432002",
"-0.1693737828530683,0.02376563674403088,0.985265302440004",
"0.7328462381646946,0.5413932591952021,0.4121040282572501",
"68,22.5,23",
"-0.2942830651902141,-0.9555573850855949,0.0175374271383339",
"-0.9545802144361587,0.2929878841390516,-0.05417300023756651",
"-0.04662715677874713,0.03268307751883054,0.9983775461690974",
"0.6545446095096118,0.5688802083386385,0.4979424291245899",
"42,23,23",
"-0.6156745683814375,0.4823981830295084,0.6230865259802679",
"0.2032967215394098,0.8611881665325522,-0.4658598338938752",
"-0.7613246803169187,-0.160146604191691,-0.6282816218115981",
"0.6420872670291102,0.5749689575942154,0.5070844498918391",
"42,23.5,23",
"0.6914182989008023,-0.4460370015145503,-0.5683236131158281",
"-0.2470488247567279,-0.8852064509260536,0.3941781544241376",
"0.6789017706056157,0.1321383082940324,0.7222408554974934",
"0.6228177514481981,0.5743527310841785,0.5312409893609075",
"42.5,23,23",
"0.5948883380194704,0.4612613647679472,-0.6582900718230853",
"-0.1246052186542812,0.861983219589046,0.4913842372634892",
"0.7940915594391812,-0.2102923738971843,0.5702593381156819",
"0.6533358253819585,0.5740581724474432,0.4935681451621211",
"43,23,23",
"0.57712252164275,0.4523829552141256,-0.6799112124714871",
"-0.06930481251870616,0.8566807023244099,0.5111702429002522",
"0.813711520119053,-0.247886740461628,0.5257620430659187",
"0.6657185354042995,0.5722877016864942,0.4788586619426913",
"43,23.5,23",
"-0.477902557140194,0.6287316379503271,0.6134375871424591",
"0.1504706497111276,0.7466203577759988,-0.6480097413850738",
"-0.865429216894354,-0.2173811601651302,-0.4514174362504038",
"0.6315483572177311,0.5780478512123478,0.5167275434930603",
"43.5,23,23",
"0.5243149591570745,0.5851271235444475,-0.6186437366503569",
"-0.1087977468834611,0.7665916347772266,0.6328509427682491",
"0.8445453651978664,-0.2645061715389265,0.4655959743604129",
"0.6617368188614717,0.5648055331387599,0.4930508009312439",
"44,23,23",
"0.4535171950568926,0.7508196244983021,-0.4802000054726748",
"-0.1397838417302982,0.592049621958382,0.793686161357281",
"0.880217377344283,-0.2928261200903455,0.3734571354439318",
"0.6583024819430416,0.561102745487394,0.5017983173289244",
"44,23.5,23",
"0.3697064721854082,0.8720485307313406,-0.3206999913837384",
"-0.2683905677149581,0.4306708523370919,0.8616780838044363",
"0.8895412455787886,-0.2324951117691569,0.3932714017286088",
"0.6329433636378371,0.5747611074147845,0.5186833020544921",
"44.5,23,23",
"0.3472553767282028,-0.7753554237467737,0.5274823885209957",
"-0.1466194964887054,-0.6004578706499103,-0.7860999102047869",
"0.926237780800779,0.1956382182525616,-0.3221944459114878",
"0.6576075420054758,0.5458143514719032,0.5192677675581475",
"45,23,23",
"0.2508615846683827,-0.211229491178358,0.9446960185129392",
"-0.1208507940581274,0.9614336593681727,0.2470635630955013",
"0.9604496607908133,0.1761460209327946,-0.2156595196052231",
"0.6590148336477559,0.5361469366488442,0.5274902002447826",
"45,23.5,23",
"0.2453118265195878,-0.9494299820590498,0.1959714697015258",
"-0.1392786784683201,0.1655351556081287,0.9763193954756358",
"0.9593870738621307,0.2667973414881509,0.09162762182395105",
"0.6381848850976392,0.548114598296905,0.5406389179172505",
"45.5,23,23",
"0.2224497138580483,-0.9596503625342582,-0.1720096116277794",
"-0.1639603080475073,-0.2107407983776407,0.9636935888985259",
"0.9610583448414767,0.1861706141876899,0.2042237993563419",
"0.6604822413640383,0.5366388534330516,0.5251494547543548",
"46,23,23",
"0.1871034322248057,0.9683534528956381,-0.165178376050839",
"-0.2012134623917469,0.2023615202267064,0.9584169018145815",
"0.9615120634719163,-0.1460869788743375,0.2327082860607809",
"0.6623222907035571,0.5452653036016981,0.5138238335512869",
"46,23.5,23",
"0.07633660060125673,-0.9608704309896984,0.2662719254039286",
"-0.1016966971145397,0.2581553432210048,0.9607359681839953",
"0.9918823041090297,0.100418293234432,0.07801064785813446",
"0.6448915491413706,0.5551806973726778,0.5252516378944765",
"46.5,23,23",
"0.2313437457797032,0.9514289084502465,-0.2031332160277802",
"-0.2326896415510701,0.2568500233424688,0.9380211064916441",
"0.9446351687310032,-0.1697383211715784,0.2808082981722644",
"0.673572408632158,0.5521889555187798,0.4913120879161759",
"47,23,23",
"0.2691400726905936,0.9387816974100672,-0.215064050645324",
"-0.2502099983542325,0.2837922236549173,0.9256656688656938",
"0.9300314930128318,-0.1953225496476787,0.3112724266674664",
"0.6847899812395097,0.5581357121129263,0.4685586499662434",
"47,23.5,23",
"0.09395921761008561,0.9955032929288812,0.01203574650175786",
"-0.2410657625823579,0.0110198588561183,0.9704462173770261",
"0.9659497727815288,-0.09408377372610659,0.2410171777794437",
"0.6686962849097087,0.5637344953499817,0.4848182105701635",
"47.5,23,23",
"0.3569721315470872,0.8552931672479138,-0.3755589106355504",
"-0.3163596484378134,0.4889838646328706,0.8129030403246168",
"0.8789126635445825,-0.1713720461094352,0.4451338581519422",
"0.6793301733613792,0.5523847230608688,0.4830958841573439",
"48,23,23",
"0.4075997752221075,0.7215074702610193,-0.5597226041499768",
"-0.4040566597268793,0.6921831675945045,0.5980139448450975",
"0.8189020936407746,-0.01759070369207756,0.5736636019257043",
"0.6777049415304634,0.5550634086610211,0.4823076037041086",
"48,23.5,23",
"0.2425380275186628,0.9577212970280202,-0.1547424389956526",
"-0.4970031856968433,0.2596452713522816,0.8279928541186751",
"0.8331645327392099,-0.1239122684941525,0.5389643876009693",
"0.7171228121018785,0.5080472028368624,0.4770984301511944",
"48.5,23,23",
"0.5176618662373154,0.6439687267327198,-0.5633209309389624",
"-0.369589573146111,0.7621136495184219,0.5315884993483092",
"0.7716409395990955,-0.06698555223293871,0.6325213009272279",
"0.6679332008619257,0.5624901455097131,0.4873090142720573",
"49,23,23",
"0.6322386905466523,0.5319519874795936,-0.5632950569571553",
"-0.3147215967049565,0.8406900402555105,0.4406705944156821",
"0.7079721426322774,-0.1013278798342203,0.6989335490767094",
"0.6624893460702642,0.5673672998362855,0.4890830332570088",
"49,23.5,23",
"0.5791372468342736,-0.8152258248805885,0.002627503945218634",
"-0.3679373438920624,-0.2585042573646859,0.8931951969720768",
"0.7274765702748591,0.518249364082675,0.4496614685839021",
"0.7260103687315979,0.5123875423227013,0.4586588612102805",
"49.5,23,23",
"-0.7154739091090711,0.3837588723181538,0.58380323166396",
"0.004115406697983021,0.8379293204332671,-0.5457632429780825",
"-0.6986273318528947,-0.3880767731716786,-0.6010958902810453",
"0.6495121110583363,0.5760314647159148,0.4963081394111741",
"50,23,23",
"0.7495509479580206,-0.2892253164369826,-0.5954175784667097",
"0.2866672829586104,-0.6689396846930312,0.6858145282245892",
"0.5966533711430457,0.6847396691989702,0.4184929391625667",
"0.6547631050921344,0.5715229876129242,0.4946177825757012",
"50,23.5,23",
"0.7213298091205339,-0.5753498073859172,-0.3855592115552707",
"0.06573195570295479,-0.497307031376412,0.8650809364117589",
"0.6894654570561156,0.6493522277505236,0.320903517964252",
"0.6374228426843714,0.5788138440706399,0.5085928170318023",
"50.5,23,23",
"0.731580497222199,0.2765649322419017,0.6231386798603921",
"0.532218410042913,0.339541891646368,-0.7755352137901924",
"0.4260675299709115,-0.8990123147494915,-0.1012092774070051",
"0.6684382670133049,0.5688863144063164,0.4791227864268693",
"51,23,23",
"0.7061470925551737,0.3381887843658109,0.6220808868668527",
"0.6239149954541146,0.1182204276550636,-0.7724985494695416",
"0.3347930138508971,-0.9336231984126298,0.1275200425909751",
"0.690481883352542,0.5702544023706845,0.4450221178085197",
"51,23.5,23",
"0.7168849396379604,0.2584190774987709,0.6475303573616934",
"0.6435382302016621,0.1120232579327453,-0.7571719328864782",
"0.268206132646497,-0.959515695581275,0.0859947692827415",
"0.6491375847768479,0.5857340445686051,0.485320538472651",
"56,23,23",
"0.2891179244140802,0.499953319341774,0.8163684855882403",
"0.7369923700041038,-0.6604948909901786,0.1434877887891734",
"0.6109444101865803,0.5601724533168462,-0.5594226936822971",
"0.6290215015482673,0.5722550516487941,0.5261711759992169",
"56,23.5,23",
"-0.4223942705111062,0.286493465085792,-0.8599445183862311",
"-0.633146445999094,-0.7721638928505393,0.05374477180729431",
"-0.6486205810472774,0.5671722992539726,0.507549923456654",
"0.6091880477538724,0.577210325034388,0.5437997454463561",
"56.5,23,23",
"0.4532478667903798,0.5422892011249216,0.7074523260215243",
"0.7404414863770875,-0.6709346439051269,0.03991376779496667",
"0.496299079690523,0.5057362217116695,-0.705633118232942",
"0.610358913873825,0.5684778071870722,0.5516293855393697",
"57,23,23",
"0.7886528529341189,0.5967988331586925,-0.1478439390008872",
"0.6058837762062675,-0.7952540023264516,0.02181562545045589",
"0.1045539443967041,0.1067811993011107,0.9887700684117147",
"0.607177128212206,0.5634537133646157,0.560228389026836",
"57,23.5,23",
"-0.8351763821278896,0.432028474101913,-0.3403407238356034",
"-0.4609615441233448,-0.2123272358576986,0.8616447062173894",
"0.2999914425032678,0.876509294005604,0.3764792051981181",
"0.6548331917693244,0.5632010003206041,0.5039822657545304",
"57.5,23,23",
"-0.9071170560016805,-0.3939822591598167,-0.1480426498620264",
"-0.409908286661724,0.7472294157237367,0.5230902377250152",
"0.09546645084475139,-0.5351879854261397,0.8393211405764881",
"0.6228443098928072,0.5572711221004058,0.5491027791835581",
"58,23,23",
"-0.9302484840170479,0.3549785859109768,0.09288682107074142",
"-0.3240077359846046,-0.6758662546253949,-0.6619847376494203",
"0.1722113382042989,0.6459063472387342,-0.7437393667075855",
"0.6438062892828061,0.550632798494303,0.5313350949280841",
"58,23.5,23",
"-0.8744162043497985,0.4831952940790206,0.04380193318085893",
"-0.2573946893338496,-0.3854704517712165,-0.8860928307542189",
"0.4112715349659185,0.786088314752982,-0.4614335119338365",
"0.665701427099953,0.5526505176986251,0.5014170073347412",
"58.5,23,23",
"-0.795232928065043,-0.5706982426043682,0.2047146941706519",
"-0.3801387618422243,0.7323496007076995,0.5649412217995192",
"0.4723336869906258,-0.3714398716233333,0.7993330406672072",
"0.6814407271649952,0.5485149793665405,0.4845305488525634",
"59,23,23",
"-0.7175910196719071,-0.6192269032646846,0.3187807565701882",
"-0.4090691906155153,0.7451776320752995,0.5266618402199047",
"0.563671469719197,-0.2475244208717159,0.788039424963448",
"0.728554829298307,0.5347519192281882,0.4280750466774304",
"59,23.5,23",
"-0.6981614479146184,0.6679321357667559,0.2577542524495441",
"-0.4805528483443463,-0.7040650097714631,0.5228397670067241",
"0.5306972325101188,0.2411620285732602,0.8125277369915021",
"0.7153754056862401,0.5233476394474043,0.4629743807426896",
"59.5,23,23",
"-0.7073928152566273,-0.5625511465562302,0.4279387951933942",
"-0.421488583402781,0.8217481541913203,0.383506642894585",
"0.5674000167293087,-0.09091852721766205,0.818407626078931",
"0.7279318541313267,0.5447605197133479,0.4163546467887346",
"60,23,23",
"-0.6964821267427227,-0.521612588283035,0.4927808385810138",
"-0.4371948825024844,0.8530142494663119,0.2850040787796974",
"0.5690107923770631,0.0169410139040679,0.8221555328563622",
"0.7257471523893928,0.560359401031403,0.3991095244095468",
"60,23.5,23",
"-0.6420505544686969,0.5492118336436656,0.5349181687811715",
"-0.5299365426155986,-0.8221272245314223,0.2080242473484435",
"0.5540201677800773,-0.1499106015931598,0.8188946606389077",
"0.7035868338311258,0.5361660945254708,0.4663598249643674",
"60.5,23,23",
"-0.7918316372406926,-0.4584552053713857,0.4035114408943137",
"-0.3889040964096877,0.8879220741169744,0.2456582872438356",
"0.4709100360583634,-0.03759275147805655,0.8813798970794715",
"0.6892525765151835,0.5545169502499024,0.4663065919035761",
"61,23,23",
"0.9169718365082022,0.3189379955989074,0.2396689508762576",
"0.3500342528411977,-0.93140953716813,-0.09976119441022105",
"-0.1914123112254776,-0.1753705477997967,0.9657155368304478",
"0.6647888220487161,0.5376265494704822,0.5186651283666018",
"61,23.5,23",
"-0.8935249505277267,0.06708757051921165,-0.4439734459021784",
"-0.4109127412968425,0.2764244262817839,0.8687578808820681",
"0.1810079606656528,0.9586911882543914,-0.2194249843090917",
"0.6331617820937479,0.5692843120537983,0.5244249514900135",
"61.5,23,23",
"-0.8587523358551376,-0.06149522383564501,-0.508687294031165",
"-0.5093847295842362,0.2098416845156973,0.8345619597765097",
"0.05542222415006041,0.975799572086921,-0.2115267647018742",
"0.6530109023260549,0.5602640848434953,0.5095889683635158",
"62,23,23",
"0.7489664104477236,0.2892438928218867,0.5961436793980907",
"0.5983206693769707,0.09136442655867122,-0.796030726891807",
"0.2847133516668052,-0.9528853614285646,0.1046317129641294",
"0.6539576500328828,0.5861758092743691,0.4782648979226973",
"62,23.5,23",
"0.7691800598408586,-0.2706832669169967,-0.578871837762345",
"0.5920320209923382,-0.0391296256805924,0.8049639485801982",
"0.2405413096807708,0.9618728821446406,-0.1301554337391297",
"0.6133360475250411,0.5872540750639108,0.5281586353806886",
"62.5,23,23",
"0.6046070992625366,-0.519312118495212,-0.6039579282577194",
"0.5280631156683845,-0.3063314810195192,0.7920292732007992",
"0.5963217264127975,0.797794426729344,-0.08901938714492255",
"0.6534425110566917,0.6171453486248038,0.4383429061986686",
"63,23,23",
"0.2236280780158318,0.7615499282850691,-0.6083027120208745",
"0.2706160292545054,0.5510573691171431,0.7893685708540829",
"0.9363532706374609,-0.3411414408580384,-0.08285571733943124",
"0.6728707757114248,0.6227838838768782,0.3992307016960699",
"63,23.5,23",
"0.194532270010786,0.8261329190698112,-0.5288304037719878",
"0.2736295121678809,0.4720236411227486,0.8380456862796868",
"0.9419575818449673,-0.307730535128407,-0.1342305172245352",
"0.6436567855227711,0.607786418641353,0.4650823709469231",
"63.5,23,23",
"0.2073405797622454,0.8003477322721435,0.5625419019332631",
"0.1803835037868583,0.5338996934022527,-0.8260828705078909",
"0.9614945010479428,-0.2727537806004113,0.03367045623020756",
"0.6592469155090784,0.596968794995281,0.4571889786441138",
"64,23,23",
"0.2827533663131621,0.8885689073732009,0.3612420666093178",
"0.05075628564347052,0.3622224687184837,-0.9307086991229669",
"0.9578488050346222,-0.2814963232532231,-0.05731916510787467",
"0.6439982055601267,0.5686338191656,0.5117830506537715",
"64,23.5,23",
"-0.2546804060197051,0.8670112353242288,-0.4282865963478111",
"-0.2581151509876724,0.3658747393614291,0.8941544854933161",
"0.9319412318490093,0.33827088689209,0.1306076087407994",
"0.6846921579292149,0.6074740838009117,0.4027057069132223",
"64.5,23,23",
"0.3611622669527932,0.6524837197153992,0.6662032816159613",
"0.5176801109691146,0.4539304221015509,-0.7252271882642802",
"0.7756088702667892,-0.6068048841242665,0.173835304142774",
"0.6267163043760746,0.5583695947418474,0.5435531892069262",
"65,23,23",
"0.2085315789081129,0.9761253807783251,0.06077681793627401",
"0.8321970312276062,-0.2097423981434436,0.5132798726201875",
"0.5137729866527123,-0.0564567748052148,-0.8560665574384649",
"0.657813684918125,0.5429590348889101,0.5219929524111807",
"65,23.5,23",
"-0.35802366641464,0.8560583312603922,-0.3728044900033946",
"-0.4126412916581506,0.2131002243124745,0.8856158641401282",
"0.8375835592379495,0.4709059650053772,0.2769500919238748",
"0.6615549260085584,0.5898646078252382,0.4630386855425676",
"65.5,23,23",
"0.2092224486691854,0.9304814870754316,-0.3007160939869422",
"0.8728743245688598,-0.03908012777344923,0.4863775869853253",
"0.4408133170417233,-0.3642484671527174,-0.8203698395818613",
"0.6749273564908935,0.5289797766543083,0.514444806904465",
"66,23,23",
"0.2128935316322517,0.7603713451391442,-0.6136055424133944",
"0.8982898103068505,0.09474124779209427,0.4290681911604249",
"0.3843849124094617,-0.6425414488249652,-0.6628640325541014",
"0.693161857832779,0.5190235425344212,0.5001411812086964",
"66,23.5,23",
"-0.2033228001118997,0.6147019649402987,0.7621032300503602",
"-0.6829390246020307,0.4687191157680546,-0.5602648295130073",
"0.7016082437017702,0.6343846505174511,-0.3245026772733448",
"0.6356345635126071,0.5611772409223113,0.5301403643743416",
"66.5,23,23",
"-0.1806618207829818,-0.9609216207958647,0.2097401849871068",
"-0.9449797586655589,0.1104556479353682,-0.3079168809135994",
"-0.2727170002470684,0.2538290537472534,0.9280065997879619",
"0.6758828779810704,0.5360745681125582,0.505773064402366",
"67,23,23",
"-0.1143594904373439,-0.9877860650428406,0.1058328713306605",
"-0.9825957108424581,0.09677025965144709,-0.1585597233883683",
"-0.1463816108017514,0.1221237346062287,0.9816609483242735",
"0.6638276560035604,0.5570128765444403,0.4990686310403683",
"67,23.5,23",
"0.2266570872662948,-0.7899026916079183,0.5698072503772875",
"-0.7248440818165308,0.2539667025351285,0.6403920448123822",
"0.6505594683405274,0.5581708087978081,0.5149929381637098",
"0.6528102447656727,0.5702858233041783,0.4986109345644734",
"67.5,23,23",
"0.00682472096163142,0.9380606368514913,0.3464039040968945",
"0.9969390318965231,-0.0333634424229713,0.07070677047435017",
"-0.07788446485031035,-0.3448610188169484,0.9354169593478179",
"0.6241432316835353,0.5694640860051382,0.5349353989912852",
"68,23,23",
"-0.0403585266128148,0.8640554068756421,-0.5017762879796256",
"-0.7543849861666429,-0.3556452094638471,-0.5517424921390149",
"0.6551904165782625,-0.3562649840138462,-0.6661837428139605",
"0.6185165489324117,0.5803992628630776,0.5296923393487351",
"68,23.5,23",
"-0.2683138204788459,0.772460955036118,-0.5755968786266427",
"0.5163284106578765,-0.3891153715888157,-0.7628854435239993",
"-0.8132728115998698,-0.5018897294605521,-0.2944385052510232",
"0.6638090766674067,0.6027533501727063,0.4427707178546746",
"68.5,23,23",
"-0.4214385930787296,-0.8159767381879862,0.3956911358621967",
"0.6187549226019766,0.06025388942752079,0.7832699499946858",
"-0.6629719888650218,0.574936023871309,0.4794963090946652",
"0.6418878713937852,0.5825001427300933,0.4986717801088972",
"69,23,23",
"0.5511486156233336,-0.7429345250979842,0.3798466729009427",
"-0.5347890344240699,0.03491903446977632,0.8442637915316931",
"0.6404965980832795,0.6684526553534899,0.3780676598105351",
"0.6803384283431518,0.573551228810548,0.4562659431181342",
"69,23.5,23",
"0.6625281547890703,-0.6691492621464698,0.3365942796314646",
"-0.3384467074656036,0.1334508073062856,0.9314744807212879",
"0.6682142398344125,0.731047294638408,0.1380564474567656",
"0.6907910210915464,0.5624594606993622,0.4543645235370838",
"69.5,23,23",
"0.7341673536002193,-0.5503555741067069,0.3976267583517576",
"-0.4838960318027388,-0.01331435813322457,0.8750242043926915",
"0.4762803033017556,0.8348242149801218,0.2760898454663089",
"0.6788019943574044,0.5539243815117855,0.4820743013511467",
"70,23,23",
"0.8272212459398278,-0.2391696005662744,0.5084318168945838",
"-0.4201678098713669,0.3374680084664817,0.8423623654992937",
"0.3730469431769382,0.9104467284946636,-0.1786693391707341",
"0.6855759037804409,0.5321900948479242,0.4967488128837241",
"70,23.5,23",
"0.8726186736025654,0.2653127774352463,-0.4100558262111336",
"-0.2577270643606872,-0.4630309932773436,-0.8480442556615894",
"0.4148655333672853,-0.8457017378450823,0.3356712079247874",
"0.6612715207759881,0.5567919633663596,0.5026954200519899",
"70.5,23,23",
"0.8334490745953466,0.1142530083094907,0.5406559813304499",
"-0.4079318643772359,0.7872047193891786,0.4624935932498058",
"0.3727656557166614,0.6060156597511618,-0.7027024875823988",
"0.6372939657797346,0.5604575703091311,0.5289080383808925",
"71,23,23",
"0.3656221836583854,0.8067245518315491,-0.4642369182745592",
"0.8336308738592667,-0.5056672453663536,-0.222171562339196",
"0.4139806577190645,0.3057713760897019,0.8573936555624264",
"0.6060243561488481,0.5862254354361424,0.537656227158283",
"71,23.5,23",
"-0.582868366635513,-0.7471983170262032,-0.3193104166933152",
"-0.4794572782407595,0.6335219070978349,-0.6072649434712043",
"-0.6560374878904498,0.2008598224143683,0.7275095506053899",
"0.600834210452889,0.5805740385220668,0.5494834277242867",
"71.5,23,23",
"0.2721488332832351,0.9050114815917141,-0.3269391850631311",
"0.8881139056647255,-0.3670187392865712,-0.2766783973812244",
"0.3703899338636524,0.2150615335192843,0.9036370032777613",
"0.6221557013612581,0.5689429563592751,0.5377975415273382",
"72,23,23",
"-0.2513524591837402,-0.9676638545320438,0.02118031856402532",
"-0.8985144650208111,0.2251432268494258,-0.3768053656096122",
"-0.3598523272269498,0.1137417778831298,0.9260502743120014",
"0.6382336459042333,0.5551076398364047,0.5333979015997779",
"72,23.5,23",
"0.3773090138969186,-0.6369044709587204,-0.6723024638545719",
"0.7584256524948914,-0.2040852925968996,0.6189828131566629",
"0.5314399661954614,0.7434392296741078,-0.4060414684631807",
"0.6321756127974842,0.5641760750982026,0.5310926010319789",
"72.5,23,23",
"-0.2579810860339085,-0.9570931736629318,-0.1319788474589128",
"-0.8962516514005977,0.2880869934761784,-0.3372519259419548",
"-0.3608029054906109,-0.03128164186346535,0.9321173328888694",
"0.6498849710769443,0.5610441064422133,0.512717305144636",
"73,23,23",
"-0.2640921977217083,-0.9487380517207362,-0.1736416433913815",
"-0.8941086078324498,0.3083331243077488,-0.324808377131102",
"-0.3616975373187324,-0.06947512987943269,0.9297032310505325",
"0.6609177584291966,0.5670332955545793,0.4915902341640233",
"73,23.5,23",
"-0.2423684718480447,-0.9498675951714154,0.1975071530282264",
"-0.9481929985547496,0.1888153351507186,-0.2554971755297396",
"-0.2053961083998339,0.2491993596604803,0.9464206875375294",
"0.6408776622692296,0.5510297421194957,0.5344549048367405",
"73.5,23,23",
"-0.3304850868760174,-0.9356586147538614,-0.1237843446863791",
"-0.8811218530492528,0.3528706160875664,-0.3148120207060591",
"-0.3382364371731734,-0.005028413155893234,0.9410477286671125",
"0.6540020557027774,0.5728938025195934,0.494038462238703",
"74,23,23",
"-0.4190037478537124,-0.9044411124574733,-0.08013821423784588",
"-0.8546456559954834,0.422655329239169,-0.3015680277379872",
"-0.3066213658122872,0.05786835717745859,0.9500708348670587",
"0.6482585557432997,0.5778719605497118,0.4958072630731055",
"74,23.5,23",
"-0.2647097954107288,-0.9506603574003066,-0.161782598202438",
"-0.9640520613347222,0.2648972863076401,0.02080987129036316",
"-0.0230726515572741,-0.1614754240569431,0.9866069836443218",
"0.6240547331172486,0.5831320262111822,0.5201083830133877",
"39,24,23",
"0.4605786096780136,0.5828950210833964,-0.6694032706099176",
"-0.169934659623172,0.7981119700391061,0.5780480038362331",
"0.8712000664404386,-0.1524817289923089,0.4666473685318405",
"0.6639826019319713,0.545986620169867,0.5109067575665203",
"39,24.5,23",
"0.4718573520597166,0.5033100803501893,-0.7238988895730386",
"-0.2596797210910889,0.8639652125069917,0.4314285039630589",
"0.8425657729585547,-0.01559084974061828,0.5383677587329303",
"0.628292090517065,0.5611115152703117,0.5388904493723663",
"39.5,24,23",
"0.4866783319512874,0.6331414303509646,-0.6018937866287103",
"-0.1033953545442479,0.7259009517107443,0.6799832416788704",
"0.8674408347938096,-0.2687000883486465,0.4187441470082273",
"0.6569183849362333,0.5575513218481782,0.507537938520974",
"40,24,23",
"0.5292805453393333,0.63096760228713,-0.5672230506505608",
"-0.02032466187544882,0.677779980358758,0.7349838136615874",
"0.8482034027548741,-0.3774840169979545,0.3715599607952146",
"0.650962809330306,0.5687992110399256,0.5027075475752816",
"40,24.5,23",
"-0.7950182129744772,-0.2040256634751304,-0.5712438793391147",
"-0.4071291059982383,-0.5186252788054696,0.7518468668771744",
"-0.4496575720344801,0.8303019624374508,0.3292517563879874",
"0.6116075924818357,0.5955118179262872,0.5208664200432789",
"40.5,24,23",
"0.5263666316869047,0.6940648148887783,-0.4911335885275902",
"-0.183382334206301,0.6567054454270385,0.7315113652210221",
"0.8302464023093572,-0.2949779494807722,0.472947059164647",
"0.6397823009340006,0.5653846324806078,0.5205946837669051",
"41,24,23",
"0.5361544551436301,0.7951453970994692,-0.2833411330907762",
"-0.3766355340847226,0.5257453251199343,0.7627172002644559",
"0.7554363472155369,-0.3022178859466494,0.5813607096455566",
"0.6354887274966121,0.5597072432040879,0.5318664109808183",
"41,24.5,23",
"-0.05774218648497793,0.1662553522164163,0.9843906733402797",
"-0.7194303098959741,0.6767058879190806,-0.1564901609003947",
"0.6921602914808945,0.7172365712336789,-0.08053466199121458",
"0.6031412018792377,0.5783051602812656,0.5493485525490425",
"41.5,24,23",
"0.6624916078502625,0.6504218284820559,-0.3715593015415347",
"-0.3779045471618515,0.7184874623270972,0.5839211588161233",
"0.6467557674751496,-0.2464289177690548,0.721789280694028",
"0.6197687236581513,0.5651727178911458,0.5444873994195656",
"42,24,23",
"0.8083658784368529,-0.4164424512863612,-0.416077266076413",
"-0.3741791531971926,-0.9091287248768973,0.1829615339800671",
"0.4544607440600867,-0.007787577949124146,0.8907327240749825",
"0.6095099814428501,0.5728530602840499,0.548030066551768",
"42,24.5,23",
"-0.8616689830496133,-0.3051060348015368,-0.4055081641322765",
"0.10392689869094,0.6760450261000482,-0.729494566404623",
"-0.4967149719695681,0.6707260470662143,0.5508183061665637",
"0.6052302550567195,0.581461672250073,0.5436898583458468",
"42.5,24,23",
"0.5925871804468557,0.7570636554621685,-0.2751273435126079",
"-0.3230286123736976,0.5362411279254716,0.779806365907038",
"0.7378976549345913,-0.3732292516664214,0.5623228401395004",
"0.5969357459262771,0.5785296145675213,0.5558517790776552",
"43,24,23",
"-0.110469734030756,0.9267021635623914,-0.3591928979141383",
"-0.3490818155834566,0.3022013910638758,0.8870266091093417",
"0.9305580712089558,0.2233773025350628,0.290110766466926",
"0.6086628531453612,0.5770845942279336,0.5445208006180572",
"43,24.5,23",
"0.2997200561590238,0.9135340029087005,0.2749972971969699",
"0.08200203990243379,0.2625135878244804,-0.9614376119433639",
"0.9504964773148144,-0.3107124743828701,-0.003768935526510767",
